Avg Time Deviation
-70.02141517232981
-69.91037067740257
-55.72938703528374
-54.54701210950387
-54.173328820645224
-53.690261741854414
-53.330655642099394
-52.40763065972052
-50.74111015137083
-48.38203609658615
-46.37590710166059
-45.74844130802386
-43.75094669006598
-42.25032794868237
-41.18249432315089
-40.74351480483461
-37.83588006991303
-36.17019636016073
-35.84049387741346
-35.781221336629834
-33.77766618237137
-33.41964750754916
-33.351191589147184
-33.16899043136437
-33.0516408026496
-33.0024470910973
-32.095445170176724
-32.04157319820877
-31.19059533727552
-30.975822229240997
-30.933456502322827
-30.511898192248495
-29.87076143803993
-29.760279634318636
-29.33604799750212
-29.25330248127593
-28.787089886065065
-26.857006622588976
-26.846973157584095
-25.916878931893958
-24.52730088214002
-23.387502932597993
-22.58596545943765
-22.14921165341071
-21.620689403097398
-20.788056978945225
-20.471260659051012
-19.93795663104699
-18.202637734927237
-17.07988360806239
-16.937920971162907
-15.395874505417952
-14.161031898177441
-13.952710535502737
-12.984469731984342
-12.900548590258756
-11.534036338474325
-11.220433491223748
-11.095155657102222
-11.04773575187761
-10.337003759973094
-9.729639673435043
-8.729360224945662
-6.357547074234259
-6.320281438773942
-3.3388059819222353
-1.6871088191244594
-1.6790261370721506
-0.2774100459054107
-0.17369766717895607
0.2930924132940928
1.109552622087396
1.4953961012849146
3.631695337369777
4.179961380941614
4.57360235112326
5.276992222432025
7.855330812823455
7.964705741472178
8.288221132528422
11.229219585176384
12.87554414197913
14.174994797041144
14.742164780946059
14.964547504415018
17.39124013690936
18.457151320737253
20.740728763348805
24.040495278485604
24.77520012781002
35.30678847366665
35.86273516895206
40.151851483400385
40.656238026683184
41.63000958446683
42.99505113965842
44.062715235023425
47.799055786719535
51.81372374607175
52.864826414126
53.780525831279576
55.11073509104049
69.8830516163492
83.21122403516353
87.86205062405676
91.32044672160856
100.58051846723507
105.80434800715304
136.36461808823216
158.83280675730836
