Avg Age Grade Deviation
-4.576671105388758
-4.03074102162808
-2.9168433001378324
-2.0605734503414057
-1.8059333739465377
-1.7489026485158217
-1.5900321828006194
-1.3905232436866983
-1.353840115096096
-1.317025327683475
-1.253871938363164
-1.2396138130040892
-1.1265006690552322
-1.10713702566082
-1.043542420994349
-1.0122577207101293
-0.844744780200076
-0.8201692392428124
-0.6797594248263248
-0.6094799857862707
-0.5777074801077164
-0.5434390654182413
-0.49990150472872263
-0.42302196237242806
-0.4065372069829608
-0.3557391522352206
-0.2346189249803572
-0.20596511111036928
-0.18300832092354674
-0.1712597662496665
-0.1356432037538729
-0.12477740613595933
-0.11347942554773806
-0.10147270451596109
-0.04316329318486517
-0.037883055170539595
0.05860977533703272
0.08599347445437265
0.0978737532975414
0.11157453766708389
0.11501503716652035
0.20903314873179668
0.26780674901094353
0.30444525842068926
0.3264308053288956
0.33764876239020436
0.35269508687153917
0.35350633427072736
0.37573754229521006
0.39603414647074275
0.4924659456754937
0.4996354434151404
0.5066731093126295
0.5100864469623227
0.5320309404724097
0.5354029883709074
0.5731881573554716
0.5833950150115613
0.6029793914183181
0.6086710795410809
0.6244588387244838
0.628177867834414
0.629154970890476
0.6547959638263009
0.6603842265170098
0.6643919674767388
0.6824253042089238
0.7261553824522798
0.7760889700203584
0.776853772549929
0.7802668743060194
0.7826731441200374
0.7884771434595238
0.8157152731945182
0.8498289242114957
0.8513764705232181
0.864635815461339
0.9002496872378709
0.9050650583643642
0.9176278872000326
0.9267782906534873
0.9304619121261151
0.9486489963387258
0.9631372228460996
0.9795695013185437
0.9802079240611222
0.9976821129241609
1.0038613670010257
1.0918319680782806
1.0927215792413887
1.0984989275703936
1.1204441776304144
1.1238632631976795
1.1466950838540202
1.1584155446766673
1.1817876384357802
1.2543348495940478
1.3428055615102834
1.422006478168981
1.52591238520797
1.5413617125345078
1.7102812249005188
1.739560724860419
1.7874001226200753
1.79859312561665
1.8540300593329915
1.8891969967957125
1.8993861425108722
2.0802560883980474
2.091205991016497
